Parameter List

     j=1_la=1_energy (  0)        4.291000e-01 Fixed
   j=1_la=1_ch=1_rwa (  1)        9.449799e-01 Fitted by Minuit
   j=1_la=1_ch=2_rwa (  2)        0.000000e+00 Fixed
   j=1_la=1_ch=3_rwa (  3)       -0.000000e+00 Fixed
     j=1_la=2_energy (  4)        2.160000e+01 Fixed
   j=1_la=2_ch=1_rwa (  5)        8.712058e-06 Fitted by Minuit
   j=1_la=2_ch=2_rwa (  6)        0.000000e+00 Fixed
   j=1_la=2_ch=3_rwa (  7)        0.000000e+00 Fixed
     j=2_la=1_energy (  8)        1.400000e+01 Fixed
   j=2_la=1_ch=1_rwa (  9)       -1.406077e+00 Fitted by Minuit
   j=2_la=1_ch=2_rwa ( 10)       -2.368125e+00 Fitted by Minuit
   j=2_la=1_ch=3_rwa ( 11)        2.051638e+00 Fitted by Minuit
     j=3_la=1_energy ( 12)        0.000000e+00 Fixed
   j=3_la=1_ch=1_rwa ( 13)        9.268341e-01 Fitted by Minuit
   j=3_la=1_ch=2_rwa ( 14)       -0.000000e+00 Fixed
   j=3_la=1_ch=3_rwa ( 15)        0.000000e+00 Fixed
     j=3_la=2_energy ( 16)        2.160000e+01 Fixed
   j=3_la=2_ch=1_rwa ( 17)        3.726979e-03 Fitted by Minuit
   j=3_la=2_ch=2_rwa ( 18)        0.000000e+00 Fixed
   j=3_la=2_ch=3_rwa ( 19)        0.000000e+00 Fixed
     j=4_la=1_energy ( 20)        1.200000e+01 Fixed
   j=4_la=1_ch=1_rwa ( 21)        5.762440e-10 Fitted by Minuit
   j=4_la=1_ch=2_rwa ( 22)        0.000000e+00 Fixed
   j=4_la=1_ch=3_rwa ( 23)        0.000000e+00 Fixed
     j=5_la=1_energy ( 24)        6.730000e+00 Fixed
   j=5_la=1_ch=1_rwa ( 25)        1.128642e+00 Fitted by Minuit
   j=5_la=1_ch=2_rwa ( 26)        0.000000e+00 Fixed
   j=5_la=1_ch=3_rwa ( 27)        0.000000e+00 Fixed
     j=6_la=1_energy ( 28)        1.200000e+01 Fixed
   j=6_la=1_ch=1_rwa ( 29)       -8.736870e-11 Fitted by Minuit
   j=6_la=1_ch=2_rwa ( 30)        0.000000e+00 Fixed
   j=6_la=1_ch=3_rwa ( 31)        0.000000e+00 Fixed
      segment_9_norm ( 32)        1.006390e+00 Fitted by Minuit
     segment_10_norm ( 33)        1.093563e+00 Fitted by Minuit
     segment_11_norm ( 34)        1.046287e+00 Fitted by Minuit
     segment_12_norm ( 35)        1.021976e+00 Fitted by Minuit
     segment_13_norm ( 36)        1.081197e+00 Fitted by Minuit
     segment_14_norm ( 37)        1.005577e+00 Fitted by Minuit
     segment_15_norm ( 38)        1.027735e+00 Fitted by Minuit
     segment_16_norm ( 39)        1.083544e+00 Fitted by Minuit
     segment_17_norm ( 40)        9.511730e-01 Fitted by Minuit
     segment_18_norm ( 41)        1.021548e+00 Fitted by Minuit
     segment_19_norm ( 42)        1.032387e+00 Fitted by Minuit
     segment_20_norm ( 43)        1.081069e+00 Fitted by Minuit
     segment_21_norm ( 44)        1.071774e+00 Fitted by Minuit

Covariance Matrix

                   1              5              9             10             11             13             17             21             25             29             32             33             34             35             36             37             38             39             40             41             42             43             44
    1   1.748945e-03   2.015788e-03   6.201952e-04  -5.046020e-03   9.555890e-04   9.514045e-04   8.124223e-03  -2.594626e-05   1.712129e-02  -2.189345e-05   1.988398e-03   2.163526e-03   2.112707e-03   2.023560e-03   2.152840e-03   1.973395e-03   5.538180e-06   1.504419e-05   4.781950e-05   1.117192e-04   1.691930e-04   2.559391e-04   2.470307e-04
    5   2.015788e-03   4.324419e+00  -3.338296e-06  -3.342490e-03   3.074222e-03   1.961207e-03  -1.238730e-03   1.845189e-06  -1.088155e-02   5.132746e-07   3.190217e-03   3.471957e-03   3.342976e-03   3.219993e-03   3.398475e-03   3.175478e-03  -4.099125e-08   7.595202e-07  -2.346493e-07  -3.317651e-06  -1.948469e-05  -6.184856e-05  -6.089311e-05
    9   6.201952e-04  -3.338296e-06   5.411351e-04  -1.737944e-03   1.461092e-03   5.973170e-04   6.306210e-05  -1.725809e-05  -6.869296e-03  -1.399371e-05   8.406419e-04   9.258158e-04   9.542974e-04   8.311725e-04   8.818824e-04   8.139438e-04   4.777869e-06   1.209380e-05   3.795084e-05   7.752359e-05   1.088017e-04   1.416843e-04   1.369869e-04
   10  -5.046020e-03  -3.342490e-03  -1.737944e-03   5.312547e-02  -3.141921e-02  -1.676644e-03  -1.385127e-02   6.575488e-05  -2.046467e-02   5.433573e-05  -1.290523e-02  -1.344106e-02  -1.128687e-02  -1.483830e-02  -1.634065e-02  -1.373740e-02  -1.546185e-05  -4.099296e-05  -1.298189e-04  -2.901918e-04  -4.289128e-04  -6.197188e-04  -5.988453e-04
   11   9.555890e-04   3.074222e-03   1.461092e-03  -3.141921e-02   3.846098e-02   3.199512e-03   1.198885e-02  -5.597449e-05   1.730520e-02  -4.738494e-05   1.008705e-02   1.053540e-02   8.976077e-03   1.152641e-02   1.268200e-02   1.068669e-02   1.297111e-05   3.412646e-05   1.077120e-04   2.383695e-04   3.514361e-04   5.078556e-04   4.897500e-04
   13   9.514045e-04   1.961207e-03   5.973170e-04  -1.676644e-03   3.199512e-03   1.300582e-03   7.756514e-03  -2.502942e-05   1.606227e-02  -2.135132e-05   1.666351e-03   1.832424e-03   1.856047e-03   1.643800e-03   1.733973e-03   1.622755e-03   5.326746e-06   1.439485e-05   4.566764e-05   1.059710e-04   1.601630e-04   2.419599e-04   2.333223e-04
   17   8.124223e-03  -1.238730e-03   6.306210e-05  -1.385127e-02   1.198885e-02   7.756514e-03   5.056411e+00   5.996040e-06  -2.720607e-02   8.860654e-06   1.271586e-02   1.383805e-02   1.332471e-02   1.283868e-02   1.355306e-02   1.265761e-02   6.503312e-07   6.027765e-06   1.291721e-05   3.930271e-05   2.359601e-05  -5.765954e-05  -5.284021e-05
   21  -2.594626e-05   1.845189e-06  -1.725809e-05   6.575488e-05  -5.597449e-05  -2.502942e-05   5.996040e-06   1.294073e-01   2.068880e-04  -7.425946e-08  -3.655701e-05  -4.013439e-05  -4.064829e-05  -3.634601e-05  -3.850880e-05  -3.566021e-05  -1.666374e-07  -4.278010e-07  -1.328538e-06  -2.834742e-06  -4.066734e-06  -5.595761e-06  -5.598265e-06
   25   1.712129e-02  -1.088155e-02  -6.869296e-03  -2.046467e-02   1.730520e-02   1.606227e-02  -2.720607e-02   2.068880e-04   1.784312e+00   1.305398e-04   2.826098e-02   3.061272e-02   2.865872e-02   2.876680e-02   3.031318e-02   2.842745e-02  -5.709146e-05  -9.770668e-05  -2.561390e-04   1.685694e-04   1.000030e-03   3.490672e-03   3.313956e-03
   29  -2.189345e-05   5.132746e-07  -1.399371e-05   5.433573e-05  -4.738494e-05  -2.135132e-05   8.860654e-06  -7.425946e-08   1.305398e-04   8.728435e-02  -3.118076e-05  -3.422146e-05  -3.458920e-05  -3.101268e-05  -3.284827e-05  -3.044000e-05  -1.354962e-07  -3.495805e-07  -1.087292e-06  -2.346890e-06  -3.392565e-06  -4.730094e-06  -4.726181e-06
   32   1.988398e-03   3.190217e-03   8.406419e-04  -1.290523e-02   1.008705e-02   1.666351e-03   1.271586e-02  -3.655701e-05   2.826098e-02  -3.118076e-05   4.550961e-03   4.756384e-03   4.295857e-03   4.879265e-03   5.295871e-03   4.619600e-03   7.514288e-06   2.057052e-05   6.543367e-05   1.550466e-04   2.366763e-04   3.634409e-04   3.505551e-04
   33   2.163526e-03   3.471957e-03   9.258158e-04  -1.344106e-02   1.053540e-02   1.832424e-03   1.383805e-02  -4.013439e-05   3.061272e-02  -3.422146e-05   4.756384e-03   6.454403e-03   4.592887e-03   5.165241e-03   5.600612e-03   4.897838e-03   8.274317e-06   2.262990e-05   7.197251e-05   1.702779e-04   2.597293e-04   3.983257e-04   3.842057e-04
   34   2.112707e-03   3.342976e-03   9.542974e-04  -1.128687e-02   8.976077e-03   1.856047e-03   1.332471e-02  -4.064829e-05   2.865872e-02  -3.458920e-05   4.295857e-03   4.592887e-03   4.355257e-03   4.603583e-03   4.973754e-03   4.388905e-03   8.521674e-06   2.318900e-05   7.368629e-05   1.728673e-04   2.625656e-04   3.997405e-04   3.855950e-04
   35   2.023560e-03   3.219993e-03   8.311725e-04  -1.483830e-02   1.152641e-02   1.643800e-03   1.283868e-02  -3.634601e-05   2.876680e-02  -3.101268e-05   4.879265e-03   5.165241e-03   4.603583e-03   5.393636e-03   5.847215e-03   5.065377e-03   7.431896e-06   2.038035e-05   6.484967e-05   1.540962e-04   2.355463e-04   3.625323e-04   3.496792e-04
   36   2.152840e-03   3.398475e-03   8.818824e-04  -1.634065e-02   1.268200e-02   1.733973e-03   1.355306e-02  -3.850880e-05   3.031318e-02  -3.284827e-05   5.295871e-03   5.600612e-03   4.973754e-03   5.847215e-03   7.116790e-03   5.506626e-03   7.884920e-06   2.161536e-05   6.877639e-05   1.633316e-04   2.495863e-04   3.839284e-04   3.703230e-04
   37   1.973395e-03   3.175478e-03   8.139438e-04  -1.373740e-02   1.068669e-02   1.622755e-03   1.265761e-02  -3.566021e-05   2.842745e-02  -3.044000e-05   4.619600e-03   4.897838e-03   4.388905e-03   5.065377e-03   5.506626e-03   7.077138e-03   7.278326e-06   1.996812e-05   6.354165e-05   1.511048e-04   2.310681e-04   3.559025e-04   3.432765e-04
   38   5.538180e-06  -4.099125e-08   4.777869e-06  -1.546185e-05   1.297111e-05   5.326746e-06   6.503312e-07  -1.666374e-07  -5.709146e-05  -1.354962e-07   7.514288e-06   8.274317e-06   8.521674e-06   7.431896e-06   7.884920e-06   7.278326e-06   5.260230e-05   1.069076e-07   3.355808e-07   6.870661e-07   9.659077e-07   1.262523e-06   1.220550e-06
   39   1.504419e-05   7.595202e-07   1.209380e-05  -4.099296e-05   3.412646e-05   1.439485e-05   6.027765e-06  -4.278010e-07  -9.770668e-05  -3.495805e-07   2.057052e-05   2.262990e-05   2.318900e-05   2.038035e-05   2.161536e-05   1.996812e-05   1.069076e-07   3.304268e-05   8.569483e-07   1.779236e-06   2.523926e-06   3.364331e-06   3.251369e-06
   40   4.781950e-05  -2.346493e-07   3.795084e-05  -1.298189e-04   1.077120e-04   4.566764e-05   1.291721e-05  -1.328538e-06  -2.561390e-04  -1.087292e-06   6.543367e-05   7.197251e-05   7.368629e-05   6.484967e-05   6.877639e-05   6.354165e-05   3.355808e-07   8.569483e-07   1.556791e-05   5.612563e-06   7.982967e-06   1.070099e-05   1.033962e-05
   41   1.117192e-04  -3.317651e-06   7.752359e-05  -2.901918e-04   2.383695e-04   1.059710e-04   3.930271e-05  -2.834742e-06   1.685694e-04  -2.346890e-06   1.550466e-04   1.702779e-04   1.728673e-04   1.540962e-04   1.633316e-04   1.511048e-04   6.870661e-07   1.779236e-06   5.612563e-06   2.815119e-05   1.743510e-05   2.428435e-05   2.344743e-05
   42   1.691930e-04  -1.948469e-05   1.088017e-04  -4.289128e-04   3.514361e-04   1.601630e-04   2.359601e-05  -4.066734e-06   1.000030e-03  -3.392565e-06   2.366763e-04   2.597293e-04   2.625656e-04   2.355463e-04   2.495863e-04   2.310681e-04   9.659077e-07   2.523926e-06   7.982967e-06   1.743510e-05   3.682206e-05   3.654063e-05   3.525904e-05
   43   2.559391e-04  -6.184856e-05   1.416843e-04  -6.197188e-04   5.078556e-04   2.419599e-04  -5.765954e-05  -5.595761e-06   3.490672e-03  -4.730094e-06   3.634409e-04   3.983257e-04   3.997405e-04   3.625323e-04   3.839284e-04   3.559025e-04   1.262523e-06   3.364331e-06   1.070099e-05   2.428435e-05   3.654063e-05   6.856008e-05   5.268702e-05
   44   2.470307e-04  -6.089311e-05   1.369869e-04  -5.988453e-04   4.897500e-04   2.333223e-04  -5.284021e-05  -5.598265e-06   3.313956e-03  -4.726181e-06   3.505551e-04   3.842057e-04   3.855950e-04   3.496792e-04   3.703230e-04   3.432765e-04   1.220550e-06   3.251369e-06   1.033962e-05   2.344743e-05   3.525904e-05   5.268702e-05   6.350265e-05

Correlation Matrix

                   1              5              9             10             11             13             17             21             25             29             32             33             34             35             36             37             38             39             40             41             42             43             44
    1       1.000000       0.023179       0.637511      -0.523491       0.116513       0.630824       0.086392      -0.001725       0.306488      -0.001772       0.704796       0.643941       0.765498       0.658851       0.610213       0.560915       0.018259       0.062581       0.289802       0.503490       0.666715       0.739116       0.741254
    5       0.023179       1.000000      -0.000069      -0.006974       0.007538       0.026151      -0.000265       0.000002      -0.003917       0.000001       0.022741       0.020782       0.024359       0.021084       0.019372       0.018152      -0.000003       0.000064      -0.000029      -0.000301      -0.001544      -0.003592      -0.003675
    9       0.637511      -0.000069       1.000000      -0.324139       0.320269       0.712005       0.001206      -0.002062      -0.221067      -0.002036       0.535681       0.495386       0.621619       0.486516       0.449382       0.415923       0.028319       0.090442       0.413479       0.628106       0.770777       0.735586       0.738976
   10      -0.523491      -0.006974      -0.324139       1.000000      -0.695078      -0.201707      -0.026725       0.000793      -0.066469       0.000798      -0.829971      -0.725862      -0.742019      -0.876581      -0.840380      -0.708475      -0.009249      -0.030940      -0.142748      -0.237293      -0.306665      -0.324719      -0.326037
   11       0.116513       0.007538       0.320269      -0.695078       1.000000       0.452381       0.027186      -0.000793       0.066059      -0.000818       0.762434       0.668671       0.693537       0.800282       0.766541       0.647745       0.009119       0.030272       0.139200       0.229083       0.295313       0.312748       0.313378
   13       0.630824       0.026151       0.712005      -0.201707       0.452381       1.000000       0.095648      -0.001929       0.333428      -0.002004       0.684930       0.632454       0.779854       0.620639       0.569943       0.534879       0.020365       0.069439       0.320940       0.553821       0.731879       0.810287       0.811879
   17       0.086392      -0.000265       0.001206      -0.026725       0.027186       0.095648       1.000000       0.000007      -0.009058       0.000013       0.083825       0.076599       0.089790       0.077742       0.071445       0.066912       0.000040       0.000466       0.001456       0.003294       0.001729      -0.003097      -0.002949
   21      -0.001725       0.000002      -0.002062       0.000793      -0.000793      -0.001929       0.000007       1.000000       0.000431      -0.000001      -0.001506      -0.001389      -0.001712      -0.001376      -0.001269      -0.001178      -0.000064      -0.000207      -0.000936      -0.001485      -0.001863      -0.001879      -0.001953
   25       0.306488      -0.003917      -0.221067      -0.066469       0.066059       0.333428      -0.009058       0.000431       1.000000       0.000331       0.313617       0.285258       0.325098       0.293235       0.269001       0.252973      -0.005893      -0.012725      -0.048599       0.023785       0.123374       0.315601       0.311326
   29      -0.001772       0.000001      -0.002036       0.000798      -0.000818      -0.002004       0.000013      -0.000001       0.000331       1.000000      -0.001564      -0.001442      -0.001774      -0.001429      -0.001318      -0.001225      -0.000063      -0.000206      -0.000933      -0.001497      -0.001892      -0.001934      -0.002007
   32       0.704796       0.022741       0.535681      -0.829971       0.762434       0.684930       0.083825      -0.001506       0.313617      -0.001564       1.000000       0.877601       0.964920       0.984832       0.930559       0.813999       0.015358       0.053046       0.245830       0.433174       0.578161       0.650649       0.652092
   33       0.643941       0.020782       0.495386      -0.725862       0.668671       0.632454       0.076599      -0.001389       0.285258      -0.001442       0.877601       1.000000       0.866265       0.875431       0.826353       0.724682       0.014200       0.049002       0.227051       0.399468       0.532769       0.598790       0.600122
   34       0.765498       0.024359       0.621619      -0.742019       0.693537       0.779854       0.089790      -0.001712       0.325098      -0.001774       0.964920       0.866265       1.000000       0.949835       0.893378       0.790534       0.017804       0.061128       0.282986       0.493694       0.655657       0.731536       0.733210
   35       0.658851       0.021084       0.486516      -0.876581       0.800282       0.620639       0.077742      -0.001376       0.293235      -0.001429       0.984832       0.875431       0.949835       1.000000       0.943770       0.819865       0.013953       0.048276       0.223796       0.395460       0.528544       0.596170       0.597493
   36       0.610213       0.019372       0.449382      -0.840380       0.766541       0.569943       0.071445      -0.001269       0.269001      -0.001318       0.930559       0.826353       0.893378       0.943770       1.000000       0.775916       0.012887       0.044574       0.206625       0.364905       0.487556       0.549633       0.550862
   37       0.560915       0.018152       0.415923      -0.708475       0.647745       0.534879       0.066912      -0.001178       0.252973      -0.001225       0.813999       0.724682       0.790534       0.819865       0.775916       1.000000       0.011929       0.041292       0.191432       0.338533       0.452644       0.510936       0.512058
   38       0.018259      -0.000003       0.028319      -0.009249       0.009119       0.020365       0.000040      -0.000064      -0.005893      -0.000063       0.015358       0.014200       0.017804       0.013953       0.012887       0.011929       1.000000       0.002564       0.011727       0.017855       0.021947       0.021023       0.021118
   39       0.062581       0.000064       0.090442      -0.030940       0.030272       0.069439       0.000466      -0.000207      -0.012725      -0.000206       0.053046       0.049002       0.061128       0.048276       0.044574       0.041292       0.002564       1.000000       0.037783       0.058337       0.072358       0.070685       0.070979
   40       0.289802      -0.000029       0.413479      -0.142748       0.139200       0.320940       0.001456      -0.000936      -0.048599      -0.000933       0.245830       0.227051       0.282986       0.223796       0.206625       0.191432       0.011727       0.037783       1.000000       0.268101       0.333423       0.327547       0.328847
   41       0.503490      -0.000301       0.628106      -0.237293       0.229083       0.553821       0.003294      -0.001485       0.023785      -0.001497       0.433174       0.399468       0.493694       0.395460       0.364905       0.338533       0.017855       0.058337       0.268101       1.000000       0.541529       0.552767       0.554563
   42       0.666715      -0.001544       0.770777      -0.306665       0.295313       0.731879       0.001729      -0.001863       0.123374      -0.001892       0.578161       0.532769       0.655657       0.528544       0.487556       0.452644       0.021947       0.072358       0.333423       0.541529       1.000000       0.727254       0.729156
   43       0.739116      -0.003592       0.735586      -0.324719       0.312748       0.810287      -0.003097      -0.001879       0.315601      -0.001934       0.650649       0.598790       0.731536       0.596170       0.549633       0.510936       0.021023       0.070685       0.327547       0.552767       0.727254       1.000000       0.798495
   44       0.741254      -0.003675       0.738976      -0.326037       0.313378       0.811879      -0.002949      -0.001953       0.311326      -0.002007       0.652092       0.600122       0.733210       0.597493       0.550862       0.512058       0.021118       0.070979       0.328847       0.554563       0.729156       0.798495       1.000000
